2000	3.469867218	4.26E-08
2010	3.469867186	4.33E-08
2020	3.469867154	4.39E-08
2030	3.469867122	4.46E-08
2040	3.46986709	4.53E-08
2050	3.469867057	0.000000046
2060	3.469867025	4.67E-08
2070	3.469866992	4.74E-08
2080	3.469866959	4.81E-08
2090	3.469866926	4.88E-08
2100	3.469866893	4.95E-08
2110	3.46986686	5.03E-08
2120	3.469866826	0.000000051
2130	3.469866792	5.18E-08
2140	3.469866758	5.25E-08
2150	3.469866724	5.33E-08
2160	3.46986669	5.41E-08
2170	3.469866655	5.48E-08
2180	3.469866621	5.56E-08
2190	3.469866586	5.64E-08
2200	3.469866551	5.72E-08
2210	3.469866516	0.000000058
2220	3.46986648	5.88E-08
2230	3.469866445	5.97E-08
2240	3.469866409	6.05E-08
2250	3.469866373	6.14E-08
2260	3.469866337	6.22E-08
2270	3.469866301	6.31E-08
2280	3.469866265	6.39E-08
2290	3.469866228	6.48E-08
2300	3.469866191	6.57E-08
2310	3.469866154	6.66E-08
2320	3.469866117	6.75E-08
2330	3.46986608	6.84E-08
2340	3.469866042	6.93E-08
2350	3.469866005	7.02E-08
2360	3.469865967	7.12E-08
2370	3.469865929	7.21E-08
2380	3.469865891	7.31E-08
2390	3.469865852	0.000000074
2400	3.469865814	0.000000075
2410	3.469865775	0.000000076
2420	3.469865736	0.000000077
2430	3.469865697	0.000000078
2440	3.469865658	0.000000079
2450	3.469865618	0.00000008
2460	3.469865579	0.000000081
2470	3.469865539	0.000000082
2480	3.469865499	8.31E-08
2490	3.469865458	8.41E-08
2500	3.469865418	8.52E-08
2510	3.469865378	8.63E-08
2520	3.469865337	8.74E-08
2530	3.469865296	8.84E-08
2540	3.469865255	8.95E-08
2550	3.469865213	9.07E-08
2560	3.469865172	9.18E-08
2570	3.46986513	9.29E-08
2580	3.469865088	0.000000094
2590	3.469865046	9.52E-08
2600	3.469865004	9.64E-08
2610	3.469864962	9.75E-08
2620	3.469864919	9.87E-08
2630	3.469864876	9.99E-08
2640	3.469864833	1.011E-07
2650	3.46986479	1.023E-07
2660	3.469864747	1.035E-07
2670	3.469864703	1.048E-07
2680	3.46986466	0.000000106
2690	3.469864616	1.072E-07
2700	3.469864572	1.085E-07
2710	3.469864527	1.098E-07
2720	3.469864483	1.111E-07
2730	3.469864438	1.124E-07
2740	3.469864393	1.137E-07
2750	3.469864348	0.000000115
2760	3.469864303	1.163E-07
2770	3.469864258	1.176E-07
2780	3.469864212	0.000000119
2790	3.469864166	1.204E-07
2800	3.46986412	1.217E-07
2810	3.469864074	1.231E-07
2820	3.469864028	1.245E-07
2830	3.469863981	1.259E-07
2840	3.469863934	1.273E-07
2850	3.469863887	1.287E-07
2860	3.46986384	1.302E-07
2870	3.469863793	1.316E-07
2880	3.469863745	1.331E-07
2890	3.469863697	1.346E-07
2900	3.469863649	1.361E-07
2910	3.469863601	1.376E-07
2920	3.469863553	1.391E-07
2930	3.469863504	1.406E-07
2940	3.469863456	1.421E-07
2950	3.469863407	1.437E-07
2960	3.469863357	1.452E-07
2970	3.469863308	1.468E-07
2980	3.469863259	1.484E-07
2990	3.469863209	0.00000015
3000	3.469863159	1.516E-07
3010	3.469863109	1.532E-07
3020	3.469863058	1.548E-07
3030	3.469863008	1.565E-07
3040	3.469862957	1.581E-07
3050	3.469862906	1.598E-07
3060	3.469862855	1.615E-07
3070	3.469862804	1.632E-07
3080	3.469862752	1.649E-07
3090	3.4698627	1.666E-07
3100	3.469862649	1.683E-07
3110	3.469862596	1.701E-07
3120	3.469862544	1.719E-07
3130	3.469862491	1.736E-07
3140	3.469862439	1.754E-07
3150	3.469862386	1.772E-07
3160	3.469862333	0.000000179
3170	3.469862279	1.809E-07
3180	3.469862226	1.827E-07
3190	3.469862172	1.846E-07
3200	3.469862118	1.864E-07
3210	3.469862064	1.883E-07
3220	3.469862009	1.902E-07
3230	3.469861954	1.921E-07
3240	3.4698619	1.941E-07
3250	3.469861845	0.000000196
3260	3.469861789	0.000000198
3270	3.469861734	1.999E-07
3280	3.469861678	2.019E-07
3290	3.469861622	2.039E-07
3300	3.469861566	2.059E-07
3310	3.46986151	2.079E-07
3320	3.469861453	0.00000021
3330	3.469861397	0.000000212
3340	3.46986134	2.141E-07
3350	3.469861283	2.162E-07
3360	3.469861225	2.183E-07
3370	3.469861168	2.204E-07
3380	3.46986111	2.226E-07
3390	3.469861052	2.247E-07
3400	3.469860993	2.269E-07
3410	3.469860935	0.000000229
3420	3.469860876	2.312E-07
3430	3.469860817	2.334E-07
3440	3.469860758	2.357E-07
3450	3.469860699	2.379E-07
3460	3.469860639	2.402E-07
3470	3.46986058	2.424E-07
3480	3.46986052	2.447E-07
3490	3.46986046	0.000000247
3500	3.469860399	2.494E-07
3510	3.469860338	2.517E-07
3520	3.469860278	2.541E-07
3530	3.469860216	2.564E-07
3540	3.469860155	2.588E-07
3550	3.469860094	2.612E-07
3560	3.469860032	2.636E-07
3570	3.46985997	2.661E-07
3580	3.469859908	2.685E-07
3590	3.469859845	0.000000271
3600	3.469859783	2.735E-07
3610	3.46985972	0.000000276
3620	3.469859657	2.785E-07
3630	3.469859593	2.811E-07
3640	3.46985953	2.836E-07
3650	3.469859466	2.862E-07
3660	3.469859402	2.888E-07
3670	3.469859338	2.914E-07
3680	3.469859273	2.941E-07
3690	3.469859208	2.967E-07
3700	3.469859143	2.994E-07
3710	3.469859078	3.021E-07
3720	3.469859013	3.048E-07
3730	3.469858947	3.075E-07
3740	3.469858881	3.102E-07
3750	3.469858815	0.000000313
3760	3.469858749	3.158E-07
3770	3.469858682	3.186E-07
3780	3.469858615	3.214E-07
3790	3.469858548	3.242E-07
3800	3.469858481	3.271E-07
3810	3.469858414	3.299E-07
3820	3.469858346	3.328E-07
3830	3.469858278	3.357E-07
3840	3.46985821	3.387E-07
3850	3.469858141	3.416E-07
3860	3.469858072	3.446E-07
3870	3.469858003	3.476E-07
3880	3.469857934	3.506E-07
3890	3.469857865	3.536E-07
3900	3.469857795	3.567E-07
3910	3.469857725	3.597E-07
3920	3.469857655	3.628E-07
3930	3.469857585	3.659E-07
3940	3.469857514	3.691E-07
3950	3.469857443	3.722E-07
3960	3.469857372	3.754E-07
3970	3.4698573	3.786E-07
3980	3.469857229	3.818E-07
3990	3.469857157	3.851E-07
4000	3.469857085	3.883E-07
4010	3.469857012	3.916E-07
4020	3.46985694	3.949E-07
4030	3.469856867	3.982E-07
4040	3.469856794	4.016E-07
4050	3.46985672	4.049E-07
4060	3.469856647	4.083E-07
4070	3.469856573	4.117E-07
4080	3.469856498	4.152E-07
4090	3.469856424	4.186E-07
4100	3.469856349	4.221E-07
4110	3.469856274	4.256E-07
4120	3.469856199	4.291E-07
4130	3.469856124	4.327E-07
4140	3.469856048	4.362E-07
4150	3.469855972	4.398E-07
4160	3.469855896	4.434E-07
4170	3.469855819	4.471E-07
4180	3.469855743	4.508E-07
4190	3.469855666	4.544E-07
4200	3.469855588	4.582E-07
4210	3.469855511	4.619E-07
4220	3.469855433	4.656E-07
4230	3.469855355	4.694E-07
4240	3.469855277	4.732E-07
4250	3.469855198	4.771E-07
4260	3.469855119	4.809E-07
4270	3.46985504	4.848E-07
4280	3.469854961	4.887E-07
4290	3.469854881	4.926E-07
4300	3.469854801	4.966E-07
4310	3.469854721	5.006E-07
4320	3.46985464	5.046E-07
4330	3.46985456	5.086E-07
4340	3.469854479	5.127E-07
4350	3.469854397	5.168E-07
4360	3.469854316	5.209E-07
4370	3.469854234	0.000000525
4380	3.469854152	5.292E-07
4390	3.469854069	5.334E-07
4400	3.469853987	5.376E-07
4410	3.469853904	5.418E-07
4420	3.469853821	5.461E-07
4430	3.469853737	5.504E-07
4440	3.469853653	5.547E-07
4450	3.469853569	5.591E-07
4460	3.469853485	5.635E-07
4470	3.4698534	5.679E-07
4480	3.469853315	5.723E-07
4490	3.46985323	5.768E-07
4500	3.469853145	5.812E-07
4510	3.469853059	5.858E-07
4520	3.469852973	5.903E-07
4530	3.469852886	5.949E-07
4540	3.4698528	5.995E-07
4550	3.469852713	6.041E-07
4560	3.469852625	6.088E-07
4570	3.469852538	6.135E-07
4580	3.46985245	6.182E-07
4590	3.469852362	0.000000623
4600	3.469852274	6.277E-07
4610	3.469852185	6.326E-07
4620	3.469852096	6.374E-07
4630	3.469852007	6.423E-07
4640	3.469851917	6.472E-07
4650	3.469851827	6.521E-07
4660	3.469851737	6.571E-07
4670	3.469851646	6.621E-07
4680	3.469851556	6.671E-07
4690	3.469851464	6.722E-07
4700	3.469851373	6.773E-07
4710	3.469851281	6.824E-07
4720	3.469851189	6.875E-07
4730	3.469851097	6.927E-07
4740	3.469851004	6.979E-07
4750	3.469850911	7.032E-07
4760	3.469850818	7.085E-07
4770	3.469850724	7.138E-07
4780	3.469850631	7.191E-07
4790	3.469850536	7.245E-07
4800	3.469850442	7.299E-07
4810	3.469850347	7.354E-07
4820	3.469850252	7.409E-07
4830	3.469850156	7.464E-07
4840	3.469850061	0.000000752
4850	3.469849964	7.576E-07
4860	3.469849868	7.632E-07
4870	3.469849771	7.688E-07
4880	3.469849674	7.745E-07
4890	3.469849577	7.803E-07
4900	3.469849479	0.000000786
4910	3.469849381	7.918E-07
4920	3.469849283	7.977E-07
4930	3.469849184	8.035E-07
4940	3.469849085	8.094E-07
4950	3.469848986	8.154E-07
4960	3.469848886	8.214E-07
4970	3.469848786	8.274E-07
4980	3.469848685	8.335E-07
4990	3.469848585	8.396E-07
5000	3.469848484	8.457E-07
5010	3.469848382	8.519E-07
5020	3.469848281	8.581E-07
5030	3.469848178	8.643E-07
5040	3.469848076	8.706E-07
5050	3.469847973	8.769E-07
5060	3.46984787	8.833E-07
5070	3.469847767	8.897E-07
5080	3.469847663	8.962E-07
5090	3.469847559	9.026E-07
5100	3.469847454	9.092E-07
5110	3.469847349	9.157E-07
5120	3.469847244	9.223E-07
5130	3.469847139	0.000000929
5140	3.469847033	9.357E-07
5150	3.469846927	9.424E-07
5160	3.46984682	9.492E-07
5170	3.469846713	0.000000956
5180	3.469846606	9.629E-07
5190	3.469846498	9.698E-07
5200	3.46984639	9.767E-07
5210	3.469846282	9.837E-07
5220	3.469846173	9.907E-07
5230	3.469846064	9.978E-07
5240	3.469845954	1.0049E-06
5250	3.469845844	1.0121E-06
5260	3.469845734	1.0193E-06
5270	3.469845623	1.0265E-06
5280	3.469845512	1.0338E-06
5290	3.469845401	1.0412E-06
5300	3.469845289	1.0486E-06
5310	3.469845177	0.000001056
5320	3.469845064	1.0635E-06
5330	3.469844952	0.000001071
5340	3.469844838	1.0786E-06
5350	3.469844725	1.0862E-06
5360	3.469844611	1.0939E-06
5370	3.469844496	1.1016E-06
5380	3.469844381	1.1093E-06
5390	3.469844266	1.1172E-06
5400	3.46984415	0.000001125
5410	3.469844034	1.1329E-06
5420	3.469843918	1.1409E-06
5430	3.469843801	1.1489E-06
5440	3.469843684	0.000001157
5450	3.469843566	1.1651E-06
5460	3.469843448	1.1732E-06
5470	3.46984333	1.1815E-06
5480	3.469843211	1.1897E-06
5490	3.469843092	0.000001198
5500	3.469842972	1.2064E-06
5510	3.469842852	1.2148E-06
5520	3.469842732	1.2233E-06
5530	3.469842611	1.2318E-06
5540	3.46984249	1.2404E-06
5550	3.469842368	1.2491E-06
5560	3.469842246	1.2577E-06
5570	3.469842123	1.2665E-06
5580	3.469842	1.2753E-06
5590	3.469841877	1.2841E-06
5600	3.469841753	1.2931E-06
5610	3.469841629	0.000001302
5620	3.469841504	0.000001311
5630	3.469841379	1.3201E-06
5640	3.469841254	1.3293E-06
5650	3.469841128	1.3385E-06
5660	3.469841001	1.3477E-06
5670	3.469840874	0.000001357
5680	3.469840747	1.3664E-06
5690	3.469840619	1.3758E-06
5700	3.469840491	1.3853E-06
5710	3.469840362	1.3949E-06
5720	3.469840233	1.4045E-06
5730	3.469840104	1.4142E-06
5740	3.469839974	1.4239E-06
5750	3.469839843	1.4337E-06
5760	3.469839712	1.4436E-06
5770	3.469839581	1.4535E-06
5780	3.469839449	1.4635E-06
5790	3.469839317	1.4735E-06
5800	3.469839184	1.4836E-06
5810	3.469839051	1.4938E-06
5820	3.469838917	1.5041E-06
5830	3.469838783	1.5144E-06
5840	3.469838648	1.5247E-06
5850	3.469838513	1.5352E-06
5860	3.469838378	1.5457E-06
5870	3.469838242	1.5563E-06
5880	3.469838105	1.5669E-06
5890	3.469837968	1.5776E-06
5900	3.46983783	1.5884E-06
5910	3.469837692	1.5993E-06
5920	3.469837554	1.6102E-06
5930	3.469837415	1.6212E-06
5940	3.469837275	1.6323E-06
5950	3.469837135	1.6434E-06
5960	3.469836995	1.6546E-06
5970	3.469836854	1.6659E-06
5980	3.469836712	1.6773E-06
5990	3.46983657	1.6887E-06
6000	3.469836427	1.7002E-06
6010	3.469836284	1.7118E-06
6020	3.469836141	1.7234E-06
6030	3.469835996	1.7352E-06
6040	3.469835852	0.000001747
6050	3.469835706	1.7589E-06
6060	3.469835561	1.7708E-06
6070	3.469835414	1.7829E-06
6080	3.469835268	0.000001795
6090	3.46983512	1.8072E-06
6100	3.469834972	1.8195E-06
6110	3.469834824	1.8318E-06
6120	3.469834675	1.8443E-06
6130	3.469834525	1.8568E-06
6140	3.469834375	1.8694E-06
6150	3.469834225	1.8821E-06
6160	3.469834073	1.8949E-06
6170	3.469833922	1.9078E-06
6180	3.469833769	1.9207E-06
6190	3.469833616	1.9338E-06
6200	3.469833463	1.9469E-06
6210	3.469833309	1.9601E-06
6220	3.469833154	1.9734E-06
6230	3.469832999	1.9868E-06
6240	3.469832843	2.0003E-06
6250	3.469832687	2.0138E-06
6260	3.46983253	2.0275E-06
6270	3.469832372	2.0413E-06
6280	3.469832214	2.0551E-06
6290	3.469832055	2.0691E-06
6300	3.469831896	2.0831E-06
6310	3.469831736	2.0972E-06
6320	3.469831575	2.1115E-06
6330	3.469831414	2.1258E-06
6340	3.469831252	2.1402E-06
6350	3.46983109	2.1547E-06
6360	3.469830926	2.1694E-06
6370	3.469830763	2.1841E-06
6380	3.469830598	2.1989E-06
6390	3.469830433	2.2138E-06
6400	3.469830268	2.2289E-06
6410	3.469830101	0.000002244
6420	3.469829934	2.2592E-06
6430	3.469829767	2.2746E-06
6440	3.469829598	0.00000229
6450	3.46982943	2.3056E-06
6460	3.46982926	2.3213E-06
6470	3.46982909	0.000002337
6480	3.469828919	2.3529E-06
6490	3.469828747	2.3689E-06
6500	3.469828575	0.000002385
6510	3.469828402	2.4013E-06
6520	3.469828228	2.4176E-06
6530	3.469828054	2.4341E-06
6540	3.469827878	2.4506E-06
6550	3.469827703	2.4673E-06
6560	3.469827526	2.4841E-06
6570	3.469827349	2.5011E-06
6580	3.469827171	2.5181E-06
6590	3.469826992	2.5353E-06
6600	3.469826813	2.5526E-06
6610	3.469826633	0.00000257
6620	3.469826452	2.5876E-06
6630	3.46982627	2.6052E-06
6640	3.469826088	0.000002623
6650	3.469825904	0.000002641
6660	3.469825721	0.000002659
6670	3.469825536	2.6772E-06
6680	3.46982535	2.6956E-06
6690	3.469825164	0.000002714
6700	3.469824977	2.7326E-06
6710	3.469824789	2.7514E-06
6720	3.469824601	2.7702E-06
6730	3.469824411	2.7893E-06
6740	3.469824221	2.8084E-06
6750	3.46982403	2.8277E-06
6760	3.469823838	2.8472E-06
6770	3.469823645	2.8667E-06
6780	3.469823452	2.8865E-06
6790	3.469823257	2.9064E-06
6800	3.469823062	2.9264E-06
6810	3.469822866	2.9466E-06
6820	3.469822669	2.9669E-06
6830	3.469822471	2.9874E-06
6840	3.469822273	3.0081E-06
6850	3.469822073	3.0289E-06
6860	3.469821873	3.0499E-06
6870	3.469821671	0.000003071
6880	3.469821469	3.0923E-06
6890	3.469821266	3.1138E-06
6900	3.469821062	3.1354E-06
6910	3.469820857	3.1572E-06
6920	3.469820651	3.1791E-06
6930	3.469820444	3.2013E-06
6940	3.469820237	3.2236E-06
6950	3.469820028	3.2461E-06
6960	3.469819818	3.2688E-06
6970	3.469819608	3.2916E-06
6980	3.469819396	3.3146E-06
6990	3.469819183	3.3379E-06
7000	3.46981897	3.3613E-06
7010	3.469818755	3.3849E-06
7020	3.469818539	3.4086E-06
7030	3.469818323	3.4326E-06
7040	3.469818105	3.4568E-06
7050	3.469817886	3.4812E-06
7060	3.469817667	3.5057E-06
7070	3.469817446	3.5305E-06
7080	3.469817224	3.5555E-06
7090	3.469817001	3.5807E-06
7100	3.469816777	3.6061E-06
7110	3.469816552	3.6317E-06
7120	3.469816326	3.6575E-06
7130	3.469816098	3.6835E-06
7140	3.46981587	3.7098E-06
7150	3.46981564	3.7363E-06
7160	3.469815409	0.000003763
7170	3.469815177	3.7899E-06
7180	3.469814944	3.8171E-06
7190	3.46981471	3.8445E-06
7200	3.469814474	3.8722E-06
7210	3.469814238	3.9001E-06
7220	3.469814	3.9282E-06
7230	3.46981376	3.9566E-06
7240	3.46981352	3.9852E-06
7250	3.469813278	4.0141E-06
7260	3.469813035	4.0432E-06
7270	3.469812791	4.0726E-06
7280	3.469812545	4.1023E-06
7290	3.469812299	4.1323E-06
7300	3.46981205	4.1625E-06
7310	3.469811801	0.000004193
7320	3.46981155	4.2237E-06
7330	3.469811298	4.2548E-06
7340	3.469811044	4.2862E-06
7350	3.469810789	4.3178E-06
7360	3.469810532	4.3497E-06
7370	3.469810275	0.000004382
7380	3.469810015	4.4145E-06
7390	3.469809754	4.4474E-06
7400	3.469809492	4.4806E-06
7410	3.469809228	4.5141E-06
7420	3.469808963	4.5479E-06
7430	3.469808696	0.000004582
7440	3.469808427	4.6165E-06
7450	3.469808157	4.6513E-06
7460	3.469807886	4.6865E-06
7470	3.469807612	4.7221E-06
7480	3.469807337	4.7579E-06
7490	3.469807061	4.7942E-06
7500	3.469806783	4.8308E-06
7510	3.469806503	4.8678E-06
7520	3.469806221	4.9052E-06
7530	3.469805937	0.000004943
7540	3.469805652	4.9812E-06
7550	3.469805365	5.0197E-06
7560	3.469805076	5.0587E-06
7570	3.469804786	5.0981E-06
7580	3.469804493	5.1379E-06
7590	3.469804199	5.1782E-06
7600	3.469803902	5.2189E-06
7610	3.469803604	5.2601E-06
7620	3.469803304	5.3017E-06
7630	3.469803001	5.3438E-06
7640	3.469802697	5.3863E-06
7650	3.46980239	5.4294E-06
7660	3.469802082	5.4729E-06
7670	3.469801771	5.5169E-06
7680	3.469801458	5.5615E-06
7690	3.469801143	5.6066E-06
7700	3.469800826	5.6522E-06
7710	3.469800506	5.6983E-06
7720	3.469800184	5.7451E-06
7730	3.46979986	5.7924E-06
7740	3.469799533	5.8402E-06
7750	3.469799204	5.8887E-06
7760	3.469798873	5.9378E-06
7770	3.469798539	5.9875E-06
7780	3.469798202	6.0378E-06
7790	3.469797863	6.0888E-06
7800	3.469797521	6.1405E-06
7810	3.469797177	6.1928E-06
7820	3.469796829	6.2458E-06
7830	3.469796479	6.2996E-06
7840	3.469796126	0.000006354
7850	3.469795771	6.4093E-06
7860	3.469795412	6.4652E-06
7870	3.46979505	0.000006522
7880	3.469794685	6.5796E-06
7890	3.469794318	0.000006638
7900	3.469793946	6.6973E-06
7910	3.469793572	6.7574E-06
7920	3.469793195	6.8184E-06
7930	3.469792814	6.8804E-06
7940	3.469792429	6.9433E-06
7950	3.469792041	7.0071E-06
7960	3.46979165	0.000007072
7970	3.469791254	7.1379E-06
7980	3.469790855	7.2048E-06
7990	3.469790453	7.2729E-06
8000	3.469790046	0.000007342
8010	3.469789635	7.4123E-06
8020	3.46978922	7.4838E-06
8030	3.469788802	7.5566E-06
8040	3.469788378	7.6306E-06
8050	3.469787951	7.7059E-06
8060	3.469787518	7.7825E-06
8070	3.469787082	7.8606E-06
8080	3.46978664	0.00000794
8090	3.469786194	0.000008021
8100	3.469785743	8.1035E-06
8110	3.469785286	8.1877E-06
8120	3.469784825	8.2734E-06
8130	3.469784358	8.3609E-06
8140	3.469783886	8.4502E-06
8150	3.469783408	8.5413E-06
8160	3.469782924	8.6343E-06
8170	3.469782434	8.7293E-06
8180	3.469781938	8.8263E-06
8190	3.469781436	8.9255E-06
8200	3.469780927	0.000009027
8210	3.469780412	9.1307E-06
8220	3.46977989	9.2369E-06
8230	3.46977936	9.3456E-06
8240	3.469778824	9.4569E-06
8250	3.46977828	0.000009571
8260	3.469777728	9.6879E-06
8270	3.469777168	9.8078E-06
8280	3.4697766	9.9309E-06
8290	3.469776023	1.00572E-05
8300	3.469775438	0.000010187
8310	3.469774843	1.03204E-05
8320	3.469774239	1.04575E-05
8330	3.469773625	1.05986E-05
8340	3.469773001	1.07439E-05
8350	3.469772367	1.08935E-05
8360	3.469771722	1.10478E-05
8370	3.469771065	1.12069E-05
8380	3.469770397	1.13711E-05
8390	3.469769716	1.15408E-05
8400	3.469769024	1.17161E-05
8410	3.469768318	1.18975E-05
8420	3.469767598	1.20853E-05
8430	3.469766864	1.22798E-05
8440	3.469766116	1.24815E-05
8450	3.469765352	1.26909E-05
8460	3.469764572	1.29083E-05
8470	3.469763775	1.31344E-05
8480	3.469762961	1.33696E-05
8490	3.469762128	1.36146E-05
8500	3.469761277	1.38701E-05
8510	3.469760405	1.41368E-05
8520	3.469759513	1.44154E-05
8530	3.469758599	1.47068E-05
8540	3.469757662	0.000015012
8550	3.469756701	1.53321E-05
8560	3.469755715	0.000015668
8570	3.469754702	1.60211E-05
8580	3.469753661	1.63928E-05
8590	3.469752591	1.67845E-05
8600	3.469751491	1.71979E-05
8610	3.469750358	1.76348E-05
8620	3.46974919	1.80973E-05
8630	3.469747987	1.85877E-05
8640	3.469746745	1.91084E-05
8650	3.469745464	1.96623E-05
8660	3.46974414	2.02525E-05
8670	3.469742771	2.08825E-05
8680	3.469741355	2.15563E-05
8690	3.469739889	2.22782E-05
8700	3.469738371	2.30533E-05
8710	3.469736796	2.38873E-05
8720	3.469735162	2.47864E-05
8730	3.469733467	2.57579E-05
8740	3.469731705	2.68101E-05
8750	3.469729875	2.79524E-05
8760	3.469727972	2.91954E-05
8770	3.469725994	3.05515E-05
8780	3.469723936	3.20348E-05
8790	3.469721796	3.36616E-05
8800	3.469719572	3.54505E-05
8810	3.469717262	3.74231E-05
8820	3.469714865	3.96045E-05
8830	3.469712384	4.20235E-05
8840	3.469709821	4.47136E-05
8850	3.469707185	4.77133E-05
8860	3.469704487	5.10673E-05
8870	3.469701746	5.48267E-05
8880	3.46969899	5.90497E-05
8890	3.46969626	6.38024E-05
8900	3.469693611	6.91576E-05
8910	3.469691123	7.51945E-05
8920	3.469688901	8.19953E-05
8930	3.469687089	8.96397E-05
8940	3.469685876	9.81953E-05
8950	3.4696855	0.000107702
8960	3.469686263	0.000118151
8970	3.469688517	0.000129449
8980	3.469692654	0.000141384
8990	3.469699065	0.000153582
9000	3.469708063	0.000165478
9010	3.469719795	0.000176327
9020	3.469734123	0.000185263
9030	3.469750559	0.000191437
9040	3.469768265	0.000194194
9050	3.469786168	0.000193243
9060	3.469803164	0.000188736
9070	3.469818326	0.000181223
9080	3.469831054	0.000171504
9090	3.469841103	0.000160444
9100	3.469848532	0.000148825
9110	3.469853604	0.000137264
9120	3.469856681	0.000126189
9130	3.469858148	0.000115862
9140	3.469858363	0.000106413
9150	3.469857637	9.78777E-05
9160	3.469856223	9.02372E-05
9170	3.469854322	8.34364E-05
9180	3.46985209	7.74037E-05
9190	3.469849643	0.000072062
9200	3.469847069	0.000067335
9210	3.469844432	0.000063151
9220	3.469841777	5.94445E-05
9230	3.469839138	5.61571E-05
9240	3.469836537	5.32372E-05
9250	3.469833989	5.06394E-05
9260	3.469831505	4.83246E-05
9270	3.469829091	4.62583E-05
9280	3.469826749	4.44111E-05
9290	3.469824481	4.27572E-05
9300	3.469822286	4.12744E-05
9310	3.469820163	3.99432E-05
9320	3.469818109	3.87471E-05
9330	3.469816123	3.76713E-05
9340	3.469814202	3.67031E-05
9350	3.469812341	3.58314E-05
9360	3.46981054	3.50464E-05
9370	3.469808793	3.43396E-05
9380	3.469807099	3.37035E-05
9390	3.469805454	3.31314E-05
9400	3.469803856	3.26175E-05
9410	3.469802302	3.21566E-05
9420	3.46980079	3.17441E-05
9430	3.469799316	0.000031376
9440	3.46979788	3.10485E-05
9450	3.469796478	3.07585E-05
9460	3.469795109	3.05031E-05
9470	3.469793771	3.02796E-05
9480	3.469792462	3.00857E-05
9490	3.46979118	2.99193E-05
9500	3.469789924	2.97786E-05
9510	3.469788692	2.96618E-05
9520	3.469787483	2.95674E-05
9530	3.469786295	2.94941E-05
9540	3.469785128	2.94406E-05
9550	3.46978398	2.94057E-05
9560	3.46978285	2.93884E-05
9570	3.469781737	2.93878E-05
9580	3.46978064	2.94031E-05
9590	3.469779558	2.94335E-05
9600	3.46977849	2.94782E-05
9610	3.469777435	2.95368E-05
9620	3.469776394	2.96085E-05
9630	3.469775364	2.96928E-05
9640	3.469774345	2.97894E-05
9650	3.469773337	2.98978E-05
9660	3.469772339	3.00175E-05
9670	3.469771351	3.01482E-05
9680	3.469770371	3.02897E-05
9690	3.469769399	3.04415E-05
9700	3.469768435	3.06035E-05
9710	3.469767479	3.07755E-05
9720	3.46976653	3.09572E-05
9730	3.469765587	3.11484E-05
9740	3.46976465	0.000031349
9750	3.469763718	3.15588E-05
9760	3.469762792	3.17778E-05
9770	3.469761871	3.20057E-05
9780	3.469760955	3.22425E-05
9790	3.469760043	3.24882E-05
9800	3.469759135	3.27426E-05
9810	3.469758231	3.30058E-05
9820	3.46975733	3.32776E-05
9830	3.469756433	3.35581E-05
9840	3.469755538	3.38472E-05
9850	3.469754647	0.000034145
9860	3.469753757	3.44514E-05
9870	3.469752871	3.47665E-05
9880	3.469751986	3.50903E-05
9890	3.469751103	3.54228E-05
9900	3.469750222	3.57641E-05
9910	3.469749343	3.61143E-05
9920	3.469748465	3.64733E-05
9930	3.469747588	3.68413E-05
9940	3.469746713	3.72184E-05
9950	3.469745839	3.76045E-05
9960	3.469744965	0.000038
9970	3.469744092	3.84047E-05
9980	3.46974322	3.88189E-05
9990	3.469742349	3.92426E-05
10000	3.469741478	0.000039676
10010	3.469740607	4.01193E-05
10020	3.469739737	4.05724E-05
10030	3.469738867	4.10357E-05
10040	3.469737997	4.15092E-05
10050	3.469737128	4.19931E-05
10060	3.469736258	4.24876E-05
10070	3.469735389	4.29928E-05
10080	3.469734519	4.35089E-05
10090	3.46973365	4.40361E-05
10100	3.46973278	4.45745E-05
10110	3.469731911	4.51245E-05
10120	3.469731041	4.56861E-05
10130	3.469730172	4.62596E-05
10140	3.469729303	4.68453E-05
10150	3.469728433	4.74432E-05
10160	3.469727564	4.80537E-05
10170	3.469726695	0.000048677
10180	3.469725826	4.93133E-05
10190	3.469724958	4.99629E-05
10200	3.469724089	0.000050626
10210	3.469723222	5.13029E-05
10220	3.469722354	5.19938E-05
10230	3.469721488	5.26991E-05
10240	3.469720622	0.000053419
10250	3.469719757	5.41537E-05
10260	3.469718893	5.49037E-05
10270	3.469718031	5.56691E-05
10280	3.46971717	5.64502E-05
10290	3.46971631	5.72475E-05
10300	3.469715452	5.80611E-05
10310	3.469714596	5.88914E-05
10320	3.469713743	5.97388E-05
10330	3.469712892	6.06035E-05
10340	3.469712044	6.14858E-05
10350	3.469711199	6.23862E-05
10360	3.469710357	6.33049E-05
10370	3.469709519	6.42423E-05
10380	3.469708685	6.51988E-05
10390	3.469707855	6.61746E-05
10400	3.469707031	6.71701E-05
10410	3.469706211	6.81856E-05
10420	3.469705397	6.92216E-05
10430	3.469704589	7.02784E-05
10440	3.469703788	7.13562E-05
10450	3.469702994	7.24556E-05
10460	3.469702207	7.35767E-05
10470	3.469701429	7.47199E-05
10480	3.469700659	7.58856E-05
10490	3.469699899	7.70741E-05
10500	3.469699149	7.82857E-05
10510	3.46969841	7.95207E-05
10520	3.469697682	8.07795E-05
10530	3.469696966	8.20623E-05
10540	3.469696264	8.33693E-05
10550	3.469695575	0.000084701
10560	3.469694901	8.60574E-05
10570	3.469694242	8.74389E-05
10580	3.4696936	8.88456E-05
10590	3.469692975	9.02777E-05
10600	3.469692368	9.17354E-05
10610	3.469691781	9.32188E-05
10620	3.469691215	0.000094728
10630	3.46969067	0.000096263
10640	3.469690148	0.000097824
10650	3.46968965	9.94108E-05
10660	3.469689177	0.000101023
10670	3.469688731	0.000102662
10680	3.469688312	0.000104326
10690	3.469687923	0.000106015
10700	3.469687564	0.000107729
10710	3.469687237	0.000109468
10720	3.469686944	0.000111232
10730	3.469686685	0.000113019
10740	3.469686462	0.00011483
10750	3.469686278	0.000116663
10760	3.469686133	0.000118519
10770	3.469686029	0.000120396
10780	3.469685967	0.000122293
10790	3.46968595	0.000124209
10800	3.469685978	0.000126144
10810	3.469686054	0.000128096
10820	3.469686179	0.000130064
10830	3.469686354	0.000132046
10840	3.469686581	0.000134041
10850	3.469686862	0.000136048
10860	3.469687198	0.000138064
10870	3.46968759	0.000140088
10880	3.469688041	0.000142117
10890	3.469688551	0.00014415
10900	3.469689121	0.000146185
10910	3.469689753	0.000148218
10920	3.469690448	0.000150248
10930	3.469691206	0.000152272
10940	3.46969203	0.000154287
10950	3.469692919	0.00015629
10960	3.469693873	0.000158279
10970	3.469694895	0.00016025
10980	3.469695983	0.0001622
10990	3.469697138	0.000164126
11000	3.46969836	0.000166025
11010	3.469699649	0.000167893
11020	3.469701003	0.000169727
11030	3.469702424	0.000171524
11040	3.469703909	0.00017328
11050	3.469705458	0.000174991
11060	3.469707069	0.000176654
11070	3.469708741	0.000178266
11080	3.469710472	0.000179823
11090	3.46971226	0.000181323
11100	3.469714102	0.000182761
11110	3.469715998	0.000184134
11120	3.469717942	0.00018544
11130	3.469719934	0.000186675
11140	3.46972197	0.000187838
11150	3.469724045	0.000188924
11160	3.469726158	0.000189933
11170	3.469728304	0.000190861
11180	3.46973048	0.000191708
11190	3.469732681	0.00019247
11200	3.469734904	0.000193147
11210	3.469737144	0.000193737
11220	3.469739397	0.00019424
11230	3.469741659	0.000194655
11240	3.469743926	0.000194981
11250	3.469746192	0.000195218
11260	3.469748455	0.000195367
11270	3.469750709	0.000195428
11280	3.46975295	0.000195401
11290	3.469755174	0.000195287
11300	3.469757377	0.000195089
11310	3.469759555	0.000194807
11320	3.469761704	0.000194442
11330	3.469763821	0.000193997
11340	3.469765901	0.000193474
11350	3.469767942	0.000192876
11360	3.46976994	0.000192204
11370	3.469771893	0.000191461
11380	3.469773796	0.000190651
11390	3.469775649	0.000189776
11400	3.469777448	0.000188838
11410	3.469779191	0.000187842
11420	3.469780877	0.00018679
11430	3.469782503	0.000185686
11440	3.469784068	0.000184532
11450	3.469785571	0.000183333
11460	3.469787011	0.00018209
11470	3.469788386	0.000180808
11480	3.469789697	0.00017949
11490	3.469790942	0.000178139
11500	3.469792121	0.000176758
11510	3.469793235	0.000175351
11520	3.469794282	0.000173919
11530	3.469795264	0.000172467
11540	3.46979618	0.000170996
11550	3.469797032	0.000169511
11560	3.469797818	0.000168013
11570	3.469798541	0.000166505
11580	3.469799201	0.000164989
11590	3.469799799	0.000163468
11600	3.469800335	0.000161945
11610	3.469800811	0.00016042
11620	3.469801228	0.000158897
11630	3.469801587	0.000157377
11640	3.469801889	0.000155863
11650	3.469802136	0.000154355
11660	3.469802328	0.000152855
11670	3.469802467	0.000151365
11680	3.469802554	0.000149887
11690	3.469802591	0.000148421
11700	3.469802578	0.000146969
11710	3.469802518	0.000145532
11720	3.469802411	0.000144112
11730	3.46980226	0.000142708
11740	3.469802064	0.000141322
11750	3.469801826	0.000139955
11760	3.469801546	0.000138607
11770	3.469801227	0.000137279
11780	3.469800869	0.000135973
11790	3.469800473	0.000134687
11800	3.469800041	0.000133423
11810	3.469799574	0.000132182
11820	3.469799073	0.000130963
11830	3.469798539	0.000129766
11840	3.469797973	0.000128593
11850	3.469797376	0.000127444
11860	3.46979675	0.000126318
11870	3.469796095	0.000125216
11880	3.469795412	0.000124138
11890	3.469794703	0.000123084
11900	3.469793967	0.000122054
11910	3.469793207	0.000121049
11920	3.469792422	0.000120068
11930	3.469791614	0.00011911
11940	3.469790783	0.000118178
11950	3.46978993	0.000117269
11960	3.469789056	0.000116385
11970	3.469788162	0.000115525
11980	3.469787247	0.000114689
11990	3.469786314	0.000113877
12000	3.469785362	0.000113089
12010	3.469784392	0.000112324
12020	3.469783404	0.000111584
12030	3.4697824	0.000110867
12040	3.469781378	0.000110174
12050	3.469780341	0.000109504
12060	3.469779289	0.000108858
12070	3.469778221	0.000108234
12080	3.469777139	0.000107634
12090	3.469776042	0.000107057
12100	3.469774932	0.000106503
12110	3.469773807	0.000105972
12120	3.46977267	0.000105463
12130	3.46977152	0.000104978
12140	3.469770356	0.000104514
12150	3.469769181	0.000104074
12160	3.469767994	0.000103655
12170	3.469766794	0.000103259
12180	3.469765583	0.000102885
12190	3.469764361	0.000102534
12200	3.469763127	0.000102205
12210	3.469761882	0.000101898
12220	3.469760627	0.000101613
12230	3.469759361	0.00010135
12240	3.469758084	0.000101109
12250	3.469756797	0.000100891
12260	3.4697555	0.000100694
12270	3.469754192	0.00010052
12280	3.469752875	0.000100368
12290	3.469751547	0.000100238
12300	3.46975021	0.000100131
12310	3.469748864	0.000100046
12320	3.469747507	0.000099984
12330	3.469746141	9.99443E-05
12340	3.469744766	9.99274E-05
12350	3.469743381	9.99335E-05
12360	3.469741987	9.99626E-05
12370	3.469740584	0.000100015
12380	3.469739172	0.000100091
12390	3.46973775	0.00010019
12400	3.469736319	0.000100314
12410	3.46973488	0.000100461
12420	3.469733431	0.000100633
12430	3.469731974	0.000100829
12440	3.469730507	0.000101051
12450	3.469729032	0.000101297
12460	3.469727549	0.00010157
12470	3.469726056	0.000101868
12480	3.469724555	0.000102193
12490	3.469723046	0.000102544
12500	3.469721528	0.000102923
12510	3.469720001	0.000103329
12520	3.469718467	0.000103763
12530	3.469716924	0.000104227
12540	3.469715374	0.000104719
12550	3.469713815	0.000105241
12560	3.469712249	0.000105793
12570	3.469710675	0.000106377
12580	3.469709094	0.000106991
12590	3.469707506	0.000107639
12600	3.469705911	0.000108319
12610	3.469704309	0.000109033
12620	3.469702701	0.000109781
12630	3.469701086	0.000110564
12640	3.469699466	0.000111384
12650	3.46969784	0.000112241
12660	3.46969621	0.000113135
12670	3.469694575	0.000114069
12680	3.469692935	0.000115042
12690	3.469691292	0.000116056
12700	3.469689646	0.000117112
12710	3.469687998	0.000118211
12720	3.469686348	0.000119353
12730	3.469684696	0.000120542
12740	3.469683045	0.000121776
12750	3.469681395	0.000123058
12760	3.469679746	0.000124389
12770	3.469678099	0.00012577
12780	3.469676457	0.000127203
12790	3.46967482	0.000128689
12800	3.469673188	0.000130228
12810	3.469671565	0.000131824
12820	3.469669951	0.000133476
12830	3.469668348	0.000135188
12840	3.469666758	0.000136959
12850	3.469665182	0.000138791
12860	3.469663624	0.000140687
12870	3.469662084	0.000142647
12880	3.469660565	0.000144673
12890	3.469659071	0.000146766
12900	3.469657603	0.000148929
12910	3.469656165	0.000151161
12920	3.46965476	0.000153465
12930	3.469653391	0.000155841
12940	3.469652061	0.000158291
12950	3.469650776	0.000160817
12960	3.469649537	0.000163418
12970	3.469648351	0.000166095
12980	3.469647221	0.000168851
12990	3.469646152	0.000171683
13000	3.46964515	0.000174594
13010	3.469644219	0.000177583
13020	3.469643365	0.000180649
13030	3.469642595	0.000183793
13040	3.469641913	0.000187012
13050	3.469641327	0.000190306
13060	3.469640843	0.000193672
13070	3.469640467	0.00019711
13080	3.469640207	0.000200614
13090	3.46964007	0.000204183
13100	3.469640062	0.000207812
13110	3.469640192	0.000211496
13120	3.469640465	0.000215231
13130	3.469640891	0.00021901
13140	3.469641474	0.000222825
13150	3.469642224	0.000226671
13160	3.469643145	0.000230537
13170	3.469644245	0.000234414
13180	3.469645528	0.000238293
13190	3.469647001	0.000242162
13200	3.469648668	0.000246009
13210	3.469650532	0.000249822
13220	3.469652597	0.000253587
13230	3.469654863	0.00025729
13240	3.469657332	0.000260916
13250	3.469660003	0.000264449
13260	3.469662874	0.000267875
13270	3.46966594	0.000271178
13280	3.469669198	0.000274341
13290	3.469672641	0.000277348
13300	3.46967626	0.000280185
13310	3.469680046	0.000282835
13320	3.469683987	0.000285285
13330	3.469688069	0.000287521
13340	3.46969228	0.00028953
13350	3.469696602	0.000291302
13360	3.469701019	0.000292826
13370	3.469705513	0.000294094
13380	3.469710065	0.0002951
13390	3.469714656	0.000295839
13400	3.469719264	0.000296309
13410	3.469723871	0.000296509
13420	3.469728457	0.00029644
13430	3.469733	0.000296105
13440	3.469737483	0.00029551
13450	3.469741887	0.00029466
13460	3.469746193	0.000293565
13470	3.469750386	0.000292234
13480	3.469754451	0.000290679
13490	3.469758373	0.000288913
13500	3.46976214	0.000286947
13510	3.469765741	0.000284798
13520	3.469769167	0.000282478
13530	3.46977241	0.000280005
13540	3.469775464	0.000277392
13550	3.469778324	0.000274656
13560	3.469780988	0.000271811
13570	3.469783452	0.000268873
13580	3.469785717	0.000265855
13590	3.469787782	0.000262772
13600	3.46978965	0.000259638
13610	3.469791324	0.000256465
13620	3.469792805	0.000253266
13630	3.4697941	0.000250051
13640	3.469795212	0.000246831
13650	3.469796146	0.000243616
13660	3.469796909	0.000240414
13670	3.469797506	0.000237234
13680	3.469797944	0.000234084
13690	3.469798229	0.000230969
13700	3.469798368	0.000227896
13710	3.469798366	0.00022487
13720	3.469798232	0.000221896
13730	3.469797972	0.000218977
13740	3.469797591	0.000216117
13750	3.469797096	0.000213319
13760	3.469796494	0.000210585
13770	3.469795789	0.000207917
13780	3.46979499	0.000205318
13790	3.469794099	0.000202787
13800	3.469793124	0.000200326
13810	3.469792069	0.000197936
13820	3.469790939	0.000195616
13830	3.469789739	0.000193367
13840	3.469788473	0.000191189
13850	3.469787146	0.000189081
13860	3.469785761	0.000187043
13870	3.469784322	0.000185075
13880	3.469782833	0.000183175
13890	3.469781297	0.000181343
13900	3.469779717	0.000179577
13910	3.469778096	0.000177877
13920	3.469776438	0.000176242
13930	3.469774744	0.000174671
13940	3.469773017	0.000173162
13950	3.469771259	0.000171714
13960	3.469769473	0.000170326
13970	3.46976766	0.000168998
13980	3.469765823	0.000167727
13990	3.469763962	0.000166512
14000	3.46976208	0.000165353
14010	3.469760178	0.000164247
14020	3.469758258	0.000163195
14030	3.46975632	0.000162194
14040	3.469754366	0.000161244
14050	3.469752398	0.000160344
14060	3.469750415	0.000159492
14070	3.469748419	0.000158687
14080	3.469746411	0.000157928
14090	3.469744391	0.000157215
14100	3.469742361	0.000156546
14110	3.469740321	0.000155921
14120	3.469738271	0.000155338
14130	3.469736213	0.000154796
14140	3.469734146	0.000154295
14150	3.469732071	0.000153834
14160	3.469729988	0.000153412
14170	3.469727899	0.000153029
14180	3.469725802	0.000152683
14190	3.469723699	0.000152373
14200	3.46972159	0.0001521
14210	3.469719475	0.000151862
14220	3.469717354	0.00015166
14230	3.469715228	0.000151491
14240	3.469713096	0.000151356
14250	3.469710958	0.000151254
14260	3.469708816	0.000151185
14270	3.469706668	0.000151148
14280	3.469704516	0.000151142
14290	3.469702358	0.000151168
14300	3.469700195	0.000151225
14310	3.469698028	0.000151311
14320	3.469695856	0.000151428
14330	3.469693679	0.000151575
14340	3.469691497	0.000151751
14350	3.46968931	0.000151955
14360	3.469687118	0.000152189
14370	3.469684921	0.000152451
14380	3.469682719	0.000152741
14390	3.469680512	0.000153059
14400	3.4696783	0.000153405
14410	3.469676082	0.000153778
14420	3.46967386	0.000154179
14430	3.469671632	0.000154607
14440	3.469669398	0.000155062
14450	3.469667159	0.000155544
14460	3.469664914	0.000156053
14470	3.469662664	0.000156588
14480	3.469660407	0.00015715
14490	3.469658145	0.000157739
14500	3.469655877	0.000158355
14510	3.469653602	0.000158997
14520	3.469651321	0.000159665
14530	3.469649034	0.000160361
14540	3.46964674	0.000161082
14550	3.469644439	0.000161831
14560	3.469642132	0.000162606
14570	3.469639817	0.000163408
14580	3.469637496	0.000164236
14590	3.469635168	0.000165092
14600	3.469632832	0.000165975
14610	3.469630489	0.000166884
14620	3.469628138	0.000167822
14630	3.469625779	0.000168786
14640	3.469623413	0.000169778
14650	3.469621039	0.000170798
14660	3.469618657	0.000171846
14670	3.469616267	0.000172922
14680	3.469613868	0.000174027
14690	3.469611461	0.00017516
14700	3.469609045	0.000176322
14710	3.469606621	0.000177513
14720	3.469604189	0.000178734
14730	3.469601747	0.000179984
14740	3.469599296	0.000181265
14750	3.469596837	0.000182575
14760	3.469594368	0.000183917
14770	3.46959189	0.000185289
14780	3.469589402	0.000186693
14790	3.469586905	0.000188129
14800	3.469584399	0.000189597
14810	3.469581883	0.000191098
14820	3.469579357	0.000192631
14830	3.469576822	0.000194198
14840	3.469574277	0.000195799
14850	3.469571721	0.000197435
14860	3.469569156	0.000199105
14870	3.469566581	0.00020081
14880	3.469563996	0.000202552
14890	3.469561401	0.00020433
14900	3.469558796	0.000206145
14910	3.46955618	0.000207997
14920	3.469553555	0.000209888
14930	3.469550919	0.000211817
14940	3.469548273	0.000213786
14950	3.469545617	0.000215795
14960	3.469542951	0.000217844
14970	3.469540275	0.000219935
14980	3.469537588	0.000222068
14990	3.469534892	0.000224244
15000	3.469532186	0.000226463
15010	3.46952947	0.000228726
15020	3.469526744	0.000231035
15030	3.469524009	0.000233389
15040	3.469521264	0.00023579
15050	3.469518509	0.000238238
15060	3.469515745	0.000240735
15070	3.469512973	0.000243281
15080	3.469510191	0.000245877
15090	3.4695074	0.000248524
15100	3.469504601	0.000251223
15110	3.469501794	0.000253976
15120	3.469498979	0.000256782
15130	3.469496156	0.000259643
15140	3.469493325	0.00026256
15150	3.469490488	0.000265534
15160	3.469487644	0.000268567
15170	3.469484793	0.000271658
15180	3.469481936	0.00027481
15190	3.469479074	0.000278024
15200	3.469476207	0.000281301
15210	3.469473336	0.000284641
15220	3.46947046	0.000288047
15230	3.469467581	0.00029152
15240	3.469464699	0.00029506
15250	3.469461814	0.000298669
15260	3.469458929	0.000302349
15270	3.469456042	0.000306101
15280	3.469453156	0.000309926
15290	3.46945027	0.000313826
15300	3.469447386	0.000317802
15310	3.469444504	0.000321855
15320	3.469441626	0.000325988
15330	3.469438752	0.000330201
15340	3.469435884	0.000334497
15350	3.469433023	0.000338876
15360	3.46943017	0.000343341
15370	3.469427326	0.000347893
15380	3.469424492	0.000352534
15390	3.46942167	0.000357265
15400	3.469418862	0.000362088
15410	3.469416069	0.000367005
15420	3.469413292	0.000372018
15430	3.469410534	0.000377127
15440	3.469407795	0.000382336
15450	3.469405079	0.000387646
15460	3.469402386	0.000393058
15470	3.46939972	0.000398575
15480	3.469397082	0.000404198
15490	3.469394474	0.00040993
15500	3.469391899	0.000415771
15510	3.46938936	0.000421724
15520	3.469386859	0.00042779
15530	3.469384398	0.000433972
15540	3.469381981	0.000440271
15550	3.469379611	0.000446689
15560	3.469377291	0.000453228
15570	3.469375023	0.000459889
15580	3.469372812	0.000466674
15590	3.469370661	0.000473585
15600	3.469368574	0.000480624
15610	3.469366555	0.000487792
15620	3.469364607	0.00049509
15630	3.469362735	0.000502521
15640	3.469360944	0.000510085
15650	3.469359237	0.000517784
15660	3.46935762	0.000525619
15670	3.469356097	0.00053359
15680	3.469354673	0.000541701
15690	3.469353355	0.00054995
15700	3.469352146	0.000558339
15710	3.469351054	0.000566869
15720	3.469350083	0.000575539
15730	3.46934924	0.000584351
15740	3.469348531	0.000593304
15750	3.469347962	0.000602398
15760	3.46934754	0.000611634
15770	3.469347272	0.000621009
15780	3.469347165	0.000630525
15790	3.469347225	0.000640179
15800	3.469347461	0.00064997
15810	3.46934788	0.000659897
15820	3.469348489	0.000669958
15830	3.469349297	0.00068015
15840	3.469350311	0.000690471
15850	3.46935154	0.000700918
15860	3.469352991	0.000711487
15870	3.469354674	0.000722174
15880	3.469356596	0.000732976
15890	3.469358766	0.000743886
15900	3.469361193	0.000754901
15910	3.469363885	0.000766015
15920	3.469366851	0.00077722
15930	3.4693701	0.000788511
15940	3.469373639	0.000799879
15950	3.469377479	0.000811318
15960	3.469381626	0.000822818
15970	3.469386089	0.00083437
15980	3.469390875	0.000845964
15990	3.469395994	0.000857591
16000	3.469401451	0.000869239
16010	3.469407255	0.000880896
16020	3.469413412	0.00089255
16030	3.469419927	0.000904189
16040	3.469426808	0.000915798
16050	3.469434059	0.000927364
16060	3.469441685	0.000938872
16070	3.46944969	0.000950307
16080	3.469458077	0.000961653
16090	3.469466849	0.000972892
16100	3.469476008	0.00098401
16110	3.469485555	0.000994988
16120	3.469495489	0.001005809
16130	3.46950581	0.001016454
16140	3.469516516	0.001026906
16150	3.469527603	0.001037146
16160	3.469539069	0.001047155
16170	3.469550907	0.001056914
16180	3.469563112	0.001066406
16190	3.469575675	0.00107561
16200	3.469588589	0.00108451
16210	3.469601843	0.001093085
16220	3.469615427	0.00110132
16230	3.469629327	0.001109195
16240	3.469643532	0.001116695
16250	3.469658026	0.001123802
16260	3.469672795	0.001130502
16270	3.46968782	0.001136779
16280	3.469703085	0.00114262
16290	3.46971857	0.001148011
16300	3.469734258	0.001152941
16310	3.469750126	0.001157398
16320	3.469766154	0.001161374
16330	3.469782321	0.00116486
16340	3.469798604	0.001167849
16350	3.46981498	0.001170335
16360	3.469831427	0.001172314
16370	3.46984792	0.001173783
16380	3.469864438	0.00117474
16390	3.469880955	0.001175186
16400	3.469897449	0.001175122
16410	3.469913897	0.00117455
16420	3.469930275	0.001173475
16430	3.469946562	0.001171902
16440	3.469962734	0.001169839
16450	3.469978772	0.001167293
16460	3.469994653	0.001164273
16470	3.470010358	0.00116079
16480	3.470025867	0.001156856
16490	3.470041163	0.001152483
16500	3.470056228	0.001147684
16510	3.470071046	0.001142474
16520	3.470085601	0.001136868
16530	3.470099879	0.001130881
16540	3.470113867	0.00112453
16550	3.470127553	0.001117831
16560	3.470140927	0.001110802
16570	3.470153978	0.001103459
16580	3.470166697	0.001095821
16590	3.470179079	0.001087905
16600	3.470191115	0.001079729
16610	3.470202801	0.001071311
16620	3.470214133	0.001062668
16630	3.470225107	0.001053818
16640	3.470235721	0.001044779
16650	3.470245974	0.001035567
16660	3.470255866	0.001026199
16670	3.470265396	0.001016692
16680	3.470274566	0.001007061
16690	3.470283377	0.000997322
16700	3.470291834	0.00098749
16710	3.470299939	0.000977579
16720	3.470307695	0.000967604
16730	3.470315107	0.000957578
16740	3.470322181	0.000947514
16750	3.470328922	0.000937424
16760	3.470335335	0.00092732
16770	3.470341426	0.000917213
16780	3.470347203	0.000907114
16790	3.470352671	0.000897033
16800	3.470357839	0.000886979
16810	3.470362712	0.000876961
16820	3.470367299	0.000866988
16830	3.470371607	0.000857067
16840	3.470375643	0.000847205
16850	3.470379415	0.000837411
16860	3.47038293	0.000827689
16870	3.470386198	0.000818045
16880	3.470389224	0.000808486
16890	3.470392017	0.000799015
16900	3.470394584	0.000789638
16910	3.470396933	0.000780358
16920	3.470399072	0.00077118
16930	3.470401007	0.000762106
16940	3.470402746	0.00075314
16950	3.470404296	0.000744283
16960	3.470405664	0.00073554
16970	3.470406858	0.00072691
16980	3.470407882	0.000718397
16990	3.470408745	0.000710002
17000	3.470409453	0.000701726
17010	3.470410012	0.00069357
17020	3.470410427	0.000685534
17030	3.470410706	0.00067762
17040	3.470410853	0.000669828
17050	3.470410875	0.000662158
17060	3.470410776	0.000654609
17070	3.470410563	0.000647183
17080	3.47041024	0.000639878
17090	3.470409812	0.000632694
17100	3.470409284	0.000625631
17110	3.470408661	0.000618688
17120	3.470407947	0.000611864
17130	3.470407147	0.000605159
17140	3.470406264	0.000598571
17150	3.470405302	0.000592101
17160	3.470404267	0.000585745
17170	3.470403161	0.000579505
17180	3.470401987	0.000573377
17190	3.470400751	0.000567362
17200	3.470399454	0.000561458
17210	3.4703981	0.000555663
17220	3.470396692	0.000549976
17230	3.470395233	0.000544397
17240	3.470393727	0.000538923
17250	3.470392175	0.000533553
17260	3.470390581	0.000528285
17270	3.470388946	0.000523119
17280	3.470387274	0.000518053
17290	3.470385567	0.000513085
17300	3.470383826	0.000508214
17310	3.470382055	0.000503439
17320	3.470380255	0.000498757
17330	3.470378428	0.000494168
17340	3.470376577	0.00048967
17350	3.470374702	0.000485262
17360	3.470372806	0.000480942
17370	3.47037089	0.000476709
17380	3.470368956	0.000472561
17390	3.470367005	0.000468497
17400	3.47036504	0.000464516
17410	3.470363061	0.000460616
17420	3.470361069	0.000456796
17430	3.470359067	0.000453054
17440	3.470357054	0.00044939
17450	3.470355033	0.000445801
17460	3.470353005	0.000442287
17470	3.47035097	0.000438846
17480	3.470348929	0.000435477
17490	3.470346885	0.000432179
17500	3.470344836	0.000428951
17510	3.470342786	0.000425791
17520	3.470340733	0.000422698
17530	3.47033868	0.000419671
17540	3.470336626	0.000416709
17550	3.470334573	0.00041381
17560	3.470332522	0.000410974
17570	3.470330472	0.0004082
17580	3.470328425	0.000405486
17590	3.470326382	0.000402832
17600	3.470324342	0.000400236
17610	3.470322307	0.000397697
17620	3.470320277	0.000395214
17630	3.470318252	0.000392787
17640	3.470316234	0.000390415
17650	3.470314222	0.000388096
17660	3.470312217	0.000385829
17670	3.470310219	0.000383614
17680	3.470308229	0.000381449
17690	3.470306248	0.000379335
17700	3.470304274	0.00037727
17710	3.47030231	0.000375252
17720	3.470300355	0.000373282
17730	3.47029841	0.000371359
17740	3.470296475	0.000369481
17750	3.47029455	0.000367648
17760	3.470292635	0.00036586
17770	3.470290731	0.000364115
17780	3.470288838	0.000362412
17790	3.470286957	0.000360752
17800	3.470285086	0.000359132
17810	3.470283228	0.000357554
17820	3.470281382	0.000356015
17830	3.470279547	0.000354516
17840	3.470277725	0.000353055
17850	3.470275916	0.000351632
17860	3.470274119	0.000350247
17870	3.470272335	0.000348898
17880	3.470270564	0.000347585
17890	3.470268807	0.000346308
17900	3.470267063	0.000345066
17910	3.470265332	0.000343858
17920	3.470263615	0.000342684
17930	3.470261911	0.000341543
17940	3.470260222	0.000340435
17950	3.470258546	0.000339359
17960	3.470256885	0.000338314
17970	3.470255238	0.000337301
17980	3.470253605	0.000336319
17990	3.470251987	0.000335367
18000	3.470250383	0.000334444
18010	3.470248794	0.00033355
18020	3.470247219	0.000332686
18030	3.47024566	0.000331849
18040	3.470244115	0.000331041
18050	3.470242585	0.000330259
18060	3.470241071	0.000329505
18070	3.470239571	0.000328777
18080	3.470238087	0.000328076
18090	3.470236618	0.0003274
18100	3.470235164	0.000326749
18110	3.470233726	0.000326123
18120	3.470232303	0.000325522
18130	3.470230895	0.000324944
18140	3.470229504	0.000324391
18150	3.470228127	0.00032386
18160	3.470226767	0.000323353
18170	3.470225422	0.000322868
18180	3.470224094	0.000322406
18190	3.470222781	0.000321965
18200	3.470221484	0.000321546
18210	3.470220203	0.000321148
18220	3.470218938	0.00032077
18230	3.470217689	0.000320413
18240	3.470216456	0.000320077
18250	3.470215239	0.00031976
18260	3.470214038	0.000319462
18270	3.470212854	0.000319184
18280	3.470211686	0.000318924
18290	3.470210534	0.000318683
18300	3.470209399	0.000318461
18310	3.47020828	0.000318256
18320	3.470207178	0.000318068
18330	3.470206092	0.000317898
18340	3.470205022	0.000317745
18350	3.470203969	0.000317608
18360	3.470202933	0.000317488
18370	3.470201913	0.000317384
18380	3.47020091	0.000317296
18390	3.470199924	0.000317223
18400	3.470198954	0.000317165
18410	3.470198001	0.000317122
18420	3.470197065	0.000317094
18430	3.470196146	0.000317081
18440	3.470195244	0.000317081
18450	3.470194358	0.000317095
18460	3.470193489	0.000317122
18470	3.470192638	0.000317163
18480	3.470191803	0.000317217
18490	3.470190985	0.000317283
18500	3.470190184	0.000317362
18510	3.470189401	0.000317453
18520	3.470188634	0.000317556
18530	3.470187884	0.00031767
18540	3.470187152	0.000317796
18550	3.470186436	0.000317933
18560	3.470185738	0.00031808
18570	3.470185057	0.000318238
18580	3.470184393	0.000318407
18590	3.470183746	0.000318585
18600	3.470183117	0.000318773
18610	3.470182504	0.000318971
18620	3.470181909	0.000319178
18630	3.470181331	0.000319393
18640	3.47018077	0.000319618
18650	3.470180227	0.000319851
18660	3.470179701	0.000320092
18670	3.470179192	0.000320341
18680	3.4701787	0.000320597
18690	3.470178226	0.000320861
18700	3.470177769	0.000321132
18710	3.470177329	0.00032141
18720	3.470176906	0.000321695
18730	3.470176501	0.000321986
18740	3.470176112	0.000322283
18750	3.470175741	0.000322585
18760	3.470175388	0.000322894
18770	3.470175051	0.000323208
18780	3.470174732	0.000323526
18790	3.47017443	0.00032385
18800	3.470174145	0.000324178
18810	3.470173877	0.00032451
18820	3.470173626	0.000324847
18830	3.470173392	0.000325187
18840	3.470173175	0.000325531
18850	3.470172976	0.000325878
18860	3.470172793	0.000326228
18870	3.470172627	0.00032658
18880	3.470172478	0.000326936
18890	3.470172346	0.000327293
18900	3.470172231	0.000327652
18910	3.470172132	0.000328014
18920	3.47017205	0.000328376
18930	3.470171985	0.00032874
18940	3.470171936	0.000329105
18950	3.470171904	0.00032947
18960	3.470171889	0.000329836
18970	3.470171889	0.000330202
18980	3.470171907	0.000330568
18990	3.47017194	0.000330934
19000	3.470171989	0.0003313
19010	3.470172055	0.000331664
19020	3.470172137	0.000332028
19030	3.470172234	0.00033239
19040	3.470172348	0.00033275
19050	3.470172477	0.000333109
19060	3.470172622	0.000333466
19070	3.470172782	0.000333821
19080	3.470172958	0.000334173
19090	3.47017315	0.000334522
19100	3.470173356	0.000334868
19110	3.470173578	0.000335212
19120	3.470173815	0.000335551
19130	3.470174066	0.000335887
19140	3.470174333	0.000336219
19150	3.470174614	0.000336547
19160	3.470174909	0.000336871
19170	3.470175219	0.00033719
19180	3.470175543	0.000337504
19190	3.470175882	0.000337813
19200	3.470176234	0.000338117
19210	3.4701766	0.000338416
19220	3.47017698	0.000338709
19230	3.470177374	0.000338995
19240	3.47017778	0.000339276
19250	3.4701782	0.00033955
19260	3.470178633	0.000339818
19270	3.470179079	0.00034008
19280	3.470179538	0.000340334
19290	3.470180009	0.000340581
19300	3.470180493	0.000340821
19310	3.470180989	0.000341053
19320	3.470181497	0.000341277
19330	3.470182016	0.000341494
19340	3.470182547	0.000341703
19350	3.47018309	0.000341903
19360	3.470183644	0.000342095
19370	3.470184209	0.000342279
19380	3.470184785	0.000342454
19390	3.470185372	0.000342619
19400	3.470185969	0.000342776
19410	3.470186577	0.000342924
19420	3.470187194	0.000343062
19430	3.470187821	0.000343191
19440	3.470188458	0.00034331
19450	3.470189105	0.000343419
19460	3.47018976	0.000343518
19470	3.470190425	0.000343607
19480	3.470191098	0.000343686
19490	3.47019178	0.000343755
19500	3.470192471	0.000343814
19510	3.470193169	0.000343861
19520	3.470193875	0.000343899
19530	3.470194589	0.000343925
19540	3.47019531	0.000343941
19550	3.470196039	0.000343945
19560	3.470196774	0.000343939
19570	3.470197516	0.000343921
19580	3.470198265	0.000343892
19590	3.47019902	0.000343852
19600	3.470199781	0.000343801
19610	3.470200548	0.000343738
19620	3.47020132	0.000343664
19630	3.470202097	0.000343578
19640	3.47020288	0.000343481
19650	3.470203668	0.000343372
19660	3.47020446	0.000343251
19670	3.470205256	0.000343119
19680	3.470206057	0.000342974
19690	3.470206861	0.000342818
19700	3.470207669	0.00034265
19710	3.470208481	0.000342471
19720	3.470209296	0.000342279
19730	3.470210113	0.000342076
19740	3.470210934	0.000341861
19750	3.470211756	0.000341634
19760	3.470212582	0.000341395
19770	3.470213409	0.000341144
19780	3.470214238	0.000340881
19790	3.470215068	0.000340606
19800	3.4702159	0.00034032
19810	3.470216733	0.000340022
19820	3.470217567	0.000339712
19830	3.470218401	0.00033939
19840	3.470219236	0.000339057
19850	3.470220071	0.000338712
19860	3.470220906	0.000338355
19870	3.470221741	0.000337987
19880	3.470222576	0.000337607
19890	3.470223409	0.000337216
19900	3.470224242	0.000336814
19910	3.470225074	0.0003364
19920	3.470225905	0.000335975
19930	3.470226734	0.000335538
19940	3.470227562	0.000335091
19950	3.470228388	0.000334632
19960	3.470229212	0.000334163
19970	3.470230033	0.000333683
19980	3.470230852	0.000333192
19990	3.470231669	0.00033269
20000	3.470232482	0.000332178
