211.4	2.52782	1.60E-01
212.98	2.51768	1.51E-01
214.56	2.5077	1.42E-01
216.14	2.49788	1.34E-01
217.72	2.48823	1.26E-01
219.3	2.47874	1.19E-01
220.89	2.46941	1.12E-01
222.47	2.46025	1.05E-01
224.05	2.45124	9.87E-02
225.63	2.44239	9.26E-02
227.21	2.4337	8.68E-02
228.8	2.42517	8.13E-02
230.38	2.41679	7.60E-02
231.96	2.40856	7.10E-02
233.54	2.40047	6.62E-02
235.13	2.39254	6.17E-02
236.71	2.38475	5.74E-02
238.29	2.37711	5.33E-02
239.87	2.3696	4.94E-02
241.46	2.36223	4.57E-02
243.04	2.35501	4.22E-02
244.62	2.34791	3.89E-02
246.21	2.34095	3.58E-02
247.79	2.33412	3.28E-02
249.37	2.32742	3.00E-02
250.96	2.32085	2.74E-02
252.54	2.3144	2.49E-02
254.12	2.30808	2.26E-02
255.71	2.30188	2.04E-02
257.29	2.2958	1.83E-02
258.87	2.28984	1.64E-02
260.46	2.284	1.46E-02
262.04	2.27828	1.29E-02
263.63	2.27267	1.13E-02
265.21	2.26718	9.89E-03
266.8	2.2618	8.56E-03
268.38	2.25654	7.34E-03
269.96	2.25138	6.22E-03
271.55	2.24634	5.21E-03
273.13	2.24141	4.29E-03
274.72	2.2366	3.47E-03
276.3	2.23189	2.75E-03
277.89	2.2273	2.11E-03
279.47	2.22282	1.57E-03
281.06	2.21845	1.11E-03
282.64	2.2142	7.28E-04
284.23	2.21007	4.32E-04
285.81	2.20606	2.14E-04
287.4	2.20217	7.29E-05
288.98	2.19842	6.14E-06
290.57	2.19484	0.00E+00
292.15	2.19141	0.00E+00
293.74	2.18811	0.00E+00
295.33	2.18492	0.00E+00
296.91	2.18183	0.00E+00
298.5	2.17883	0.00E+00
300.08	2.17592	0.00E+00
301.67	2.17309	0.00E+00
303.25	2.17034	0.00E+00
304.84	2.16766	0.00E+00
306.43	2.16506	0.00E+00
308.01	2.16252	0.00E+00
309.6	2.16004	0.00E+00
311.19	2.15763	0.00E+00
312.77	2.15527	0.00E+00
314.36	2.15297	0.00E+00
315.95	2.15073	0.00E+00
317.53	2.14853	0.00E+00
319.12	2.14639	0.00E+00
320.7	2.14429	0.00E+00
322.29	2.14224	0.00E+00
323.88	2.14024	0.00E+00
325.47	2.13828	0.00E+00
327.05	2.13636	0.00E+00
328.64	2.13448	0.00E+00
330.23	2.13264	0.00E+00
331.81	2.13083	0.00E+00
333.4	2.12907	0.00E+00
334.99	2.12734	0.00E+00
336.58	2.12564	0.00E+00
338.16	2.12398	0.00E+00
339.75	2.12235	0.00E+00
341.34	2.12075	0.00E+00
342.92	2.11918	0.00E+00
344.51	2.11764	0.00E+00
346.1	2.11614	0.00E+00
347.69	2.11465	0.00E+00
349.28	2.1132	0.00E+00
350.86	2.11177	0.00E+00
352.45	2.11037	0.00E+00
354.04	2.109	0.00E+00
355.63	2.10764	0.00E+00
357.21	2.10632	0.00E+00
358.8	2.10501	0.00E+00
360.39	2.10373	0.00E+00
361.98	2.10247	0.00E+00
363.57	2.10123	0.00E+00
365.15	2.10001	0.00E+00
366.74	2.09882	0.00E+00
368.33	2.09764	0.00E+00
369.92	2.09648	0.00E+00
371.51	2.09534	0.00E+00
373.1	2.09422	0.00E+00
374.68	2.09312	0.00E+00
376.27	2.09204	0.00E+00
377.86	2.09097	0.00E+00
379.45	2.08992	0.00E+00
381.04	2.08889	0.00E+00
382.63	2.08787	0.00E+00
384.22	2.08687	0.00E+00
385.81	2.08589	0.00E+00
387.39	2.08492	0.00E+00
388.98	2.08396	0.00E+00
390.57	2.08302	0.00E+00
392.16	2.08209	0.00E+00
393.75	2.08118	0.00E+00
395.34	2.08028	0.00E+00
396.93	2.07939	0.00E+00
398.52	2.07852	0.00E+00
400.11	2.07766	0.00E+00
401.69	2.07681	0.00E+00
403.28	2.07598	0.00E+00
404.87	2.07515	0.00E+00
406.46	2.07434	0.00E+00
408.05	2.07354	0.00E+00
409.64	2.07275	0.00E+00
411.23	2.07197	0.00E+00
412.82	2.07121	0.00E+00
414.41	2.07045	0.00E+00
416	2.0697	0.00E+00
417.59	2.06897	0.00E+00
419.18	2.06824	0.00E+00
420.77	2.06753	0.00E+00
422.35	2.06682	0.00E+00
423.94	2.06612	0.00E+00
425.53	2.06544	0.00E+00
427.12	2.06476	0.00E+00
428.71	2.06409	0.00E+00
430.3	2.06343	0.00E+00
431.89	2.06277	0.00E+00
433.48	2.06213	0.00E+00
435.07	2.0615	0.00E+00
436.66	2.06087	0.00E+00
438.25	2.06025	0.00E+00
439.84	2.05964	0.00E+00
441.43	2.05903	0.00E+00
443.02	2.05844	0.00E+00
444.61	2.05785	0.00E+00
446.2	2.05727	0.00E+00
447.79	2.05669	0.00E+00
449.38	2.05613	0.00E+00
450.97	2.05557	0.00E+00
452.56	2.05501	0.00E+00
454.15	2.05447	0.00E+00
455.74	2.05393	0.00E+00
457.33	2.0534	0.00E+00
458.92	2.05287	0.00E+00
460.51	2.05235	0.00E+00
462.1	2.05183	0.00E+00
463.69	2.05133	0.00E+00
465.28	2.05082	0.00E+00
466.87	2.05033	0.00E+00
468.46	2.04984	0.00E+00
470.05	2.04935	0.00E+00
471.64	2.04887	0.00E+00
473.23	2.0484	0.00E+00
474.82	2.04793	0.00E+00
476.41	2.04747	0.00E+00
478	2.04701	0.00E+00
479.59	2.04656	0.00E+00
481.18	2.04611	0.00E+00
482.77	2.04567	0.00E+00
484.36	2.04523	0.00E+00
485.95	2.0448	0.00E+00
487.54	2.04437	0.00E+00
489.13	2.04395	0.00E+00
490.72	2.04353	0.00E+00
492.31	2.04312	0.00E+00
493.9	2.04271	0.00E+00
495.49	2.0423	0.00E+00
497.08	2.0419	0.00E+00
498.67	2.04151	0.00E+00
500.26	2.04111	0.00E+00
501.85	2.04073	0.00E+00
503.44	2.04034	0.00E+00
505.03	2.03996	0.00E+00
506.62	2.03959	0.00E+00
508.21	2.03922	0.00E+00
509.8	2.03885	0.00E+00
511.39	2.03849	0.00E+00
512.98	2.03813	0.00E+00
514.57	2.03777	0.00E+00
516.16	2.03742	0.00E+00
517.75	2.03707	0.00E+00
519.34	2.03672	0.00E+00
520.93	2.03638	0.00E+00
522.52	2.03604	0.00E+00
524.11	2.03571	0.00E+00
525.69	2.03538	0.00E+00
527.28	2.03505	0.00E+00
528.87	2.03472	0.00E+00
530.46	2.0344	0.00E+00
532.05	2.03408	0.00E+00
533.64	2.03377	0.00E+00
535.23	2.03346	0.00E+00
536.82	2.03315	0.00E+00
538.41	2.03284	0.00E+00
540	2.03254	0.00E+00
541.59	2.03224	0.00E+00
543.18	2.03194	0.00E+00
544.77	2.03165	0.00E+00
546.36	2.03135	0.00E+00
547.95	2.03106	0.00E+00
549.54	2.03078	0.00E+00
551.13	2.0305	0.00E+00
552.72	2.03022	0.00E+00
554.31	2.02994	0.00E+00
555.9	2.02966	0.00E+00
557.49	2.02939	0.00E+00
559.08	2.02912	0.00E+00
560.67	2.02885	0.00E+00
562.26	2.02859	0.00E+00
563.85	2.02832	0.00E+00
565.44	2.02806	0.00E+00
567.03	2.02781	0.00E+00
568.61	2.02755	0.00E+00
570.2	2.0273	0.00E+00
571.79	2.02705	0.00E+00
573.38	2.0268	0.00E+00
574.97	2.02655	0.00E+00
576.56	2.02631	0.00E+00
578.15	2.02607	0.00E+00
579.74	2.02583	0.00E+00
581.33	2.02559	0.00E+00
582.92	2.02535	0.00E+00
584.51	2.02512	0.00E+00
586.1	2.02489	0.00E+00
587.68	2.02466	0.00E+00
589.27	2.02443	0.00E+00
590.86	2.02421	0.00E+00
592.45	2.02398	0.00E+00
594.04	2.02376	0.00E+00
595.63	2.02354	0.00E+00
597.22	2.02332	0.00E+00
598.81	2.02311	0.00E+00
600.39	2.02289	0.00E+00
601.98	2.02268	0.00E+00
603.57	2.02247	0.00E+00
605.16	2.02226	0.00E+00
606.75	2.02206	0.00E+00
608.34	2.02185	0.00E+00
609.93	2.02165	0.00E+00
611.51	2.02145	0.00E+00
613.1	2.02125	0.00E+00
614.69	2.02105	0.00E+00
616.28	2.02086	0.00E+00
617.87	2.02066	0.00E+00
619.46	2.02047	0.00E+00
621.04	2.02028	0.00E+00
622.63	2.02009	0.00E+00
624.22	2.0199	0.00E+00
625.81	2.01971	0.00E+00
627.4	2.01953	0.00E+00
628.98	2.01934	0.00E+00
630.57	2.01916	0.00E+00
632.16	2.01898	0.00E+00
633.75	2.0188	0.00E+00
635.33	2.01862	0.00E+00
636.92	2.01844	0.00E+00
638.51	2.01827	0.00E+00
640.1	2.0181	0.00E+00
641.68	2.01792	0.00E+00
643.27	2.01775	0.00E+00
644.86	2.01758	0.00E+00
646.45	2.01742	0.00E+00
648.03	2.01725	0.00E+00
649.62	2.01708	0.00E+00
651.21	2.01692	0.00E+00
652.8	2.01676	0.00E+00
654.38	2.01659	0.00E+00
655.97	2.01643	0.00E+00
657.56	2.01627	0.00E+00
659.14	2.01612	0.00E+00
660.73	2.01596	0.00E+00
662.32	2.0158	0.00E+00
663.9	2.01565	0.00E+00
665.49	2.0155	0.00E+00
667.08	2.01534	0.00E+00
668.66	2.01519	0.00E+00
670.25	2.01504	0.00E+00
671.84	2.0149	0.00E+00
673.42	2.01475	0.00E+00
675.01	2.0146	0.00E+00
676.59	2.01446	0.00E+00
678.18	2.01431	0.00E+00
679.77	2.01417	0.00E+00
681.35	2.01403	0.00E+00
682.94	2.01389	0.00E+00
684.52	2.01375	0.00E+00
686.11	2.01361	0.00E+00
687.7	2.01347	0.00E+00
689.28	2.01333	0.00E+00
690.87	2.0132	0.00E+00
692.45	2.01306	0.00E+00
694.04	2.01293	0.00E+00
695.62	2.0128	0.00E+00
697.21	2.01266	0.00E+00
698.79	2.01253	0.00E+00
700.38	2.0124	0.00E+00
701.96	2.01227	0.00E+00
703.55	2.01215	0.00E+00
705.13	2.01202	0.00E+00
706.72	2.01189	0.00E+00
708.3	2.01177	0.00E+00
709.89	2.01164	0.00E+00
711.47	2.01152	0.00E+00
713.06	2.0114	0.00E+00
714.64	2.01127	0.00E+00
716.23	2.01115	0.00E+00
717.81	2.01103	0.00E+00
719.4	2.01091	0.00E+00
720.98	2.0108	0.00E+00
722.56	2.01068	0.00E+00
724.15	2.01056	0.00E+00
725.73	2.01044	0.00E+00
727.32	2.01033	0.00E+00
728.9	2.01022	0.00E+00
730.48	2.0101	0.00E+00
732.07	2.00999	0.00E+00
733.65	2.00988	0.00E+00
735.23	2.00977	0.00E+00
736.82	2.00965	0.00E+00
738.4	2.00955	0.00E+00
739.98	2.00944	0.00E+00
741.57	2.00933	0.00E+00
743.15	2.00922	0.00E+00
744.73	2.00911	0.00E+00
746.31	2.00901	0.00E+00
747.9	2.0089	0.00E+00
749.48	2.0088	0.00E+00
751.06	2.00869	0.00E+00
752.64	2.00859	0.00E+00
754.23	2.00849	0.00E+00
755.81	2.00839	0.00E+00
757.39	2.00828	0.00E+00
758.97	2.00818	0.00E+00
760.56	2.00808	0.00E+00
762.14	2.00798	0.00E+00
763.72	2.00789	0.00E+00
765.3	2.00779	0.00E+00
766.88	2.00769	0.00E+00
768.46	2.00759	0.00E+00
770.04	2.0075	0.00E+00
771.63	2.0074	0.00E+00
773.21	2.00731	0.00E+00
774.79	2.00721	0.00E+00
776.37	2.00712	0.00E+00
777.95	2.00703	0.00E+00
779.53	2.00693	0.00E+00
781.11	2.00684	0.00E+00
782.69	2.00675	0.00E+00
784.27	2.00666	0.00E+00
785.85	2.00657	0.00E+00
787.43	2.00648	0.00E+00
789.01	2.00639	0.00E+00
790.59	2.0063	0.00E+00
792.17	2.00622	0.00E+00
793.75	2.00613	0.00E+00
795.33	2.00604	0.00E+00
796.91	2.00596	0.00E+00
798.49	2.00587	0.00E+00
800.07	2.00578	0.00E+00
801.65	2.0057	0.00E+00
803.23	2.00562	0.00E+00
804.81	2.00553	0.00E+00
806.39	2.00545	0.00E+00
807.97	2.00537	0.00E+00
809.55	2.00529	0.00E+00
811.13	2.0052	0.00E+00
812.7	2.00512	0.00E+00
814.28	2.00504	0.00E+00
815.86	2.00496	0.00E+00
817.44	2.00488	0.00E+00
819.02	2.0048	0.00E+00
820.59	2.00473	0.00E+00
822.17	2.00465	0.00E+00
823.75	2.00457	0.00E+00
825.33	2.00449	0.00E+00
826.91	2.00442	0.00E+00
828.48	2.00434	0.00E+00
830.06	2.00426	0.00E+00
831.64	2.00419	0.00E+00
833.21	2.00411	0.00E+00
834.79	2.00404	0.00E+00
836.37	2.00397	0.00E+00
837.94	2.00389	0.00E+00
839.52	2.00382	0.00E+00
841.1	2.00375	0.00E+00
842.67	2.00367	0.00E+00
844.25	2.0036	0.00E+00
845.83	2.00353	0.00E+00
847.4	2.00346	0.00E+00
848.98	2.00339	0.00E+00
850.55	2.00332	0.00E+00
852.13	2.00325	0.00E+00
853.7	2.00318	0.00E+00
855.28	2.00311	0.00E+00
856.86	2.00304	0.00E+00
858.43	2.00298	0.00E+00
860.01	2.00291	0.00E+00
861.58	2.00284	0.00E+00
863.15	2.00277	0.00E+00
864.73	2.00271	0.00E+00
866.3	2.00264	0.00E+00
867.88	2.00258	0.00E+00
869.45	2.00251	0.00E+00
871.03	2.00244	0.00E+00
872.6	2.00238	0.00E+00
874.17	2.00232	0.00E+00
875.75	2.00225	0.00E+00
877.32	2.00219	0.00E+00
878.89	2.00213	0.00E+00
880.47	2.00206	0.00E+00
882.04	2.002	0.00E+00
883.61	2.00194	0.00E+00
885.19	2.00188	0.00E+00
886.76	2.00181	0.00E+00
888.33	2.00175	0.00E+00
889.9	2.00169	0.00E+00
891.48	2.00163	0.00E+00
893.05	2.00157	0.00E+00
894.62	2.00151	0.00E+00
896.19	2.00145	0.00E+00
897.76	2.00139	0.00E+00
899.34	2.00134	0.00E+00
900.91	2.00128	0.00E+00
902.48	2.00122	0.00E+00
904.05	2.00116	0.00E+00
905.62	2.0011	0.00E+00
907.19	2.00105	0.00E+00
908.76	2.00099	0.00E+00
910.33	2.00093	0.00E+00
911.9	2.00088	0.00E+00
913.47	2.00082	0.00E+00
915.04	2.00076	0.00E+00
916.61	2.00071	0.00E+00
918.18	2.00065	0.00E+00
919.75	2.0006	0.00E+00
921.32	2.00055	0.00E+00
922.89	2.00049	0.00E+00
924.46	2.00044	0.00E+00
926.03	2.00038	0.00E+00
927.6	2.00033	0.00E+00
929.17	2.00028	0.00E+00
930.74	2.00022	0.00E+00
932.3	2.00017	0.00E+00
933.87	2.00012	0.00E+00
935.44	2.00007	0.00E+00
937.01	2.00002	0.00E+00
938.58	1.99996	0.00E+00
940.14	1.99991	0.00E+00
941.71	1.99986	0.00E+00
943.28	1.99981	0.00E+00
944.85	1.99976	0.00E+00
946.41	1.99971	0.00E+00
947.98	1.99966	0.00E+00
949.55	1.99961	0.00E+00
951.11	1.99956	0.00E+00
952.68	1.99951	0.00E+00
954.25	1.99947	0.00E+00
955.81	1.99942	0.00E+00
957.38	1.99937	0.00E+00
958.94	1.99932	0.00E+00
960.51	1.99927	0.00E+00
962.07	1.99923	0.00E+00
963.64	1.99918	0.00E+00
965.2	1.99913	0.00E+00
966.77	1.99908	0.00E+00
968.33	1.99904	0.00E+00
969.9	1.99899	0.00E+00
971.46	1.99895	0.00E+00
973.03	1.9989	0.00E+00
974.59	1.99885	0.00E+00
976.16	1.99881	0.00E+00
977.72	1.99876	0.00E+00
979.28	1.99872	0.00E+00
980.85	1.99867	0.00E+00
982.41	1.99863	0.00E+00
983.97	1.99859	0.00E+00
985.54	1.99854	0.00E+00
987.1	1.9985	0.00E+00
988.66	1.99845	0.00E+00
990.22	1.99841	0.00E+00
991.79	1.99837	0.00E+00
993.35	1.99832	0.00E+00
994.91	1.99828	0.00E+00
996.47	1.99824	0.00E+00
998.03	1.9982	0.00E+00
999.59	1.99816	0.00E+00
1010.61	1.99786	0.00E+00
1014	1.99778	0.00E+00
1017.4	1.99769	0.00E+00
1020.8	1.9976	0.00E+00
1024.19	1.99752	0.00E+00
1027.59	1.99743	0.00E+00
1030.99	1.99735	0.00E+00
1034.39	1.99727	0.00E+00
1037.78	1.99719	0.00E+00
1041.18	1.9971	0.00E+00
1044.58	1.99702	0.00E+00
1047.98	1.99694	0.00E+00
1051.38	1.99687	0.00E+00
1054.79	1.99679	0.00E+00
1058.19	1.99671	0.00E+00
1061.59	1.99663	0.00E+00
1064.99	1.99656	0.00E+00
1068.39	1.99648	0.00E+00
1071.8	1.99641	0.00E+00
1075.2	1.99634	0.00E+00
1078.6	1.99626	0.00E+00
1082.01	1.99619	0.00E+00
1085.41	1.99612	0.00E+00
1088.82	1.99605	0.00E+00
1092.23	1.99598	0.00E+00
1095.63	1.99591	0.00E+00
1099.04	1.99584	0.00E+00
1102.45	1.99577	0.00E+00
1105.85	1.99571	0.00E+00
1109.26	1.99564	0.00E+00
1112.67	1.99557	0.00E+00
1116.08	1.99551	0.00E+00
1119.49	1.99544	0.00E+00
1122.9	1.99538	0.00E+00
1126.31	1.99531	0.00E+00
1129.72	1.99525	0.00E+00
1133.13	1.99519	0.00E+00
1136.54	1.99512	0.00E+00
1139.96	1.99506	0.00E+00
1143.37	1.995	0.00E+00
1146.78	1.99494	0.00E+00
1150.2	1.99488	0.00E+00
1153.61	1.99482	0.00E+00
1157.02	1.99476	0.00E+00
1160.44	1.99471	0.00E+00
1163.85	1.99465	0.00E+00
1167.27	1.99459	0.00E+00
1170.69	1.99453	0.00E+00
1174.1	1.99448	0.00E+00
1177.52	1.99442	0.00E+00
1180.94	1.99437	0.00E+00
1184.36	1.99431	0.00E+00
1187.77	1.99426	0.00E+00
1191.19	1.9942	0.00E+00
1194.61	1.99415	0.00E+00
1198.03	1.9941	0.00E+00
1201.45	1.99404	0.00E+00
1204.87	1.99399	0.00E+00
1208.29	1.99394	0.00E+00
1211.72	1.99389	0.00E+00
1215.14	1.99384	0.00E+00
1218.56	1.99379	0.00E+00
1221.98	1.99374	0.00E+00
1225.41	1.99369	0.00E+00
1228.83	1.99364	0.00E+00
1232.25	1.99359	0.00E+00
1235.68	1.99354	0.00E+00
1239.1	1.99349	0.00E+00
1242.53	1.99345	0.00E+00
1245.96	1.9934	0.00E+00
1249.38	1.99335	0.00E+00
1252.81	1.99331	0.00E+00
1256.24	1.99326	0.00E+00
1259.66	1.99322	0.00E+00
1263.09	1.99317	0.00E+00
1266.52	1.99313	0.00E+00
1269.95	1.99308	0.00E+00
1273.38	1.99304	0.00E+00
1276.81	1.99299	0.00E+00
1280.24	1.99295	0.00E+00
1283.67	1.99291	0.00E+00
1287.1	1.99286	0.00E+00
1290.54	1.99282	0.00E+00
1293.97	1.99278	0.00E+00
1297.4	1.99274	0.00E+00
1300.83	1.9927	0.00E+00
1304.27	1.99266	0.00E+00
1307.7	1.99261	0.00E+00
1311.14	1.99257	0.00E+00
1314.57	1.99253	0.00E+00
1318.01	1.99249	0.00E+00
1321.44	1.99245	0.00E+00
1324.88	1.99242	0.00E+00
1328.32	1.99238	0.00E+00
1331.75	1.99234	0.00E+00
1335.19	1.9923	0.00E+00
1338.63	1.99226	0.00E+00
1342.07	1.99222	0.00E+00
1345.51	1.99219	0.00E+00
1348.95	1.99215	0.00E+00
1352.39	1.99211	0.00E+00
1355.83	1.99208	0.00E+00
1359.27	1.99204	0.00E+00
1362.71	1.992	0.00E+00
1366.15	1.99197	0.00E+00
1369.59	1.99193	0.00E+00
1373.03	1.9919	0.00E+00
1376.48	1.99186	0.00E+00
1379.92	1.99183	0.00E+00
1383.36	1.99179	0.00E+00
1386.81	1.99176	0.00E+00
1390.25	1.99173	0.00E+00
1393.7	1.99169	0.00E+00
1397.14	1.99166	0.00E+00
1400.59	1.99163	0.00E+00
1404.04	1.99159	0.00E+00
1407.48	1.99156	0.00E+00
1410.93	1.99153	0.00E+00
1414.38	1.9915	0.00E+00
1417.83	1.99146	0.00E+00
1421.28	1.99143	0.00E+00
1424.72	1.9914	0.00E+00
1428.17	1.99137	0.00E+00
1431.62	1.99134	0.00E+00
1435.08	1.99131	0.00E+00
1438.53	1.99128	0.00E+00
1441.98	1.99125	0.00E+00
1445.43	1.99122	0.00E+00
1448.88	1.99119	0.00E+00
1452.33	1.99116	0.00E+00
1455.79	1.99113	0.00E+00
1459.24	1.9911	0.00E+00
1462.7	1.99107	0.00E+00
1466.15	1.99104	0.00E+00
1469.6	1.99101	0.00E+00
1473.06	1.99098	0.00E+00
1476.52	1.99095	0.00E+00
1479.97	1.99093	0.00E+00
1483.43	1.9909	0.00E+00
1486.89	1.99087	0.00E+00
1490.34	1.99084	0.00E+00
1493.8	1.99082	0.00E+00
1497.26	1.99079	0.00E+00
1500.72	1.99076	0.00E+00
1504.18	1.99073	0.00E+00
1507.64	1.99071	0.00E+00
1511.1	1.99068	0.00E+00
1514.56	1.99066	0.00E+00
1518.02	1.99063	0.00E+00
1521.48	1.9906	0.00E+00
1524.94	1.99058	0.00E+00
1528.41	1.99055	0.00E+00
1531.87	1.99053	0.00E+00
1535.33	1.9905	0.00E+00
1538.8	1.99048	0.00E+00
1542.26	1.99045	0.00E+00
1545.73	1.99043	0.00E+00
1549.19	1.9904	0.00E+00
1552.66	1.99038	0.00E+00
1556.12	1.99035	0.00E+00
1559.59	1.99033	0.00E+00
1563.06	1.99031	0.00E+00
1566.52	1.99028	0.00E+00
1569.99	1.99026	0.00E+00
1573.46	1.99024	0.00E+00
1576.93	1.99021	0.00E+00
1580.4	1.99019	0.00E+00
1583.87	1.99017	0.00E+00
1587.34	1.99014	0.00E+00
1590.81	1.99012	0.00E+00
1594.28	1.9901	0.00E+00
1597.75	1.99008	0.00E+00
1601.22	1.99005	0.00E+00
1604.69	1.99003	0.00E+00
1608.17	1.99001	0.00E+00
1611.64	1.98999	0.00E+00
1615.11	1.98997	0.00E+00
1618.59	1.98994	0.00E+00
1622.06	1.98992	0.00E+00
1625.54	1.9899	0.00E+00
1629.01	1.98988	0.00E+00
1632.49	1.98986	0.00E+00
1635.96	1.98984	0.00E+00
1639.44	1.98982	0.00E+00
1642.92	1.9898	0.00E+00
1646.4	1.98978	0.00E+00
1649.87	1.98976	0.00E+00
1653.35	1.98974	0.00E+00
1656.83	1.98972	0.00E+00
1660.31	1.9897	0.00E+00
1663.79	1.98968	0.00E+00
1667.27	1.98966	0.00E+00
1670.75	1.98964	0.00E+00
1674.23	1.98962	0.00E+00
1677.71	1.9896	0.00E+00
1681.2	1.98958	0.00E+00
1684.68	1.98956	0.00E+00
1688.16	1.98954	0.00E+00
